Histo2d 
sCurve-0
Vcal
Occupancy
Number of pixels
61 -2.5 302.5
49 0.5 49.5
0 119558
221 219 217 209 209 217 212 197 210 217 210 213 220 250 227 257 220 231 224 257 254 294 300 272 315 316 343 361 405 435 463 531 588 678 757 845 1030 1337 1596 2169 2758 3017 2872 2254 1443 1009 988 1941 2593 834 271 232 215 218 214 209 192 231 218 181 214 
48 44 32 52 46 41 39 64 41 49 43 50 41 50 42 42 54 57 48 55 53 60 67 84 58 81 87 91 84 119 137 186 196 212 278 342 388 411 526 730 1055 1548 1911 1910 1545 939 583 754 1658 808 124 54 54 50 66 57 44 65 32 51 45 
19 8 19 8 11 13 15 12 5 11 19 8 13 5 16 22 19 18 15 16 24 20 27 23 26 25 35 34 48 52 64 76 86 108 136 188 197 266 321 367 532 812 1200 1568 1492 1031 601 487 1171 847 118 32 21 25 29 19 23 26 18 24 18 
8 4 6 3 1 8 5 5 4 4 6 0 7 7 5 6 7 13 6 9 10 8 11 14 15 14 15 23 24 29 38 43 53 53 74 94 107 160 224 246 305 484 699 1074 1357 1154 781 452 789 885 127 24 12 15 13 14 16 10 13 12 16 
4 1 3 0 4 1 4 4 7 4 2 1 4 2 5 6 7 5 2 6 9 10 9 12 12 8 8 13 15 16 17 24 27 50 49 59 91 110 124 190 235 290 489 823 1137 1124 834 508 645 903 134 26 17 16 17 7 15 18 9 12 10 
2 0 1 1 2 4 1 2 1 2 3 3 0 2 1 6 2 2 2 2 4 5 8 6 12 11 7 8 10 11 13 20 22 34 37 46 60 71 89 119 206 220 335 569 928 1121 905 605 559 814 181 38 16 11 9 13 13 8 11 9 9 
1 1 0 3 1 1 1 2 2 1 2 0 1 1 0 2 2 1 4 1 4 3 2 7 4 3 5 7 11 11 6 16 15 18 17 34 32 65 85 125 136 195 243 421 657 922 927 713 544 758 193 26 18 11 3 13 10 8 7 5 5 
0 1 1 0 0 1 0 0 2 1 0 0 2 1 2 1 4 4 0 0 2 4 1 6 5 6 7 4 3 9 9 7 13 16 11 23 37 38 48 80 109 141 192 300 529 795 960 745 486 762 230 35 14 8 8 11 6 10 7 1 5 
0 1 1 0 0 0 1 0 0 0 0 0 0 0 0 0 0 1 1 5 0 2 2 3 4 2 2 3 3 8 8 4 7 9 20 21 15 30 45 58 65 133 166 240 404 735 932 835 617 794 272 44 15 13 8 12 7 9 9 9 3 
0 0 0 0 0 0 0 0 0 0 2 0 0 1 1 1 3 0 1 0 0 0 0 0 1 2 1 4 1 2 4 10 4 7 12 15 23 18 29 45 60 92 145 188 315 540 795 804 640 783 320 42 15 8 2 4 5 7 3 6 5 
1 0 0 1 1 1 1 0 3 1 0 1 1 1 1 0 0 1 0 0 0 1 0 7 2 4 3 4 2 3 4 5 6 9 10 10 11 19 20 36 54 79 114 156 259 524 714 853 714 703 349 48 11 10 14 4 6 5 8 5 4 
0 0 0 0 1 0 0 2 0 1 1 1 0 0 1 0 1 0 0 1 0 1 1 0 3 4 3 1 3 6 3 2 5 6 6 11 16 14 18 20 33 58 87 137 200 372 640 818 783 801 390 76 19 5 8 7 6 5 12 8 4 
0 1 1 0 0 0 0 0 0 0 0 0 1 1 1 0 0 0 0 0 1 0 1 0 1 2 0 1 0 2 3 4 5 8 4 9 11 14 8 19 28 50 69 82 167 284 537 765 804 797 508 86 22 16 7 7 7 4 5 4 7 
0 0 0 0 0 0 0 0 0 0 0 0 0 0 0 0 0 0 1 0 1 0 0 0 2 1 0 1 2 1 4 5 7 2 4 2 7 8 18 24 21 37 55 87 117 218 465 686 733 864 571 101 24 11 10 4 6 2 1 4 6 
1 0 0 0 0 0 0 0 0 0 0 0 0 0 0 0 0 0 2 1 0 1 0 0 0 0 3 2 3 1 5 5 2 2 2 6 6 10 8 18 22 17 43 78 95 181 390 661 786 873 681 135 28 19 11 7 8 5 10 4 5 
0 0 0 0 0 0 0 0 0 0 0 0 0 0 0 0 0 0 0 1 3 1 0 2 0 0 2 0 1 3 3 3 2 1 4 4 3 5 5 14 13 22 28 58 75 162 300 592 809 875 691 156 49 11 8 10 8 10 9 6 3 
0 0 0 0 1 0 0 0 0 0 0 0 0 0 0 0 0 0 0 1 0 0 0 0 1 0 2 0 2 3 1 4 9 5 5 6 8 5 10 10 17 20 28 47 72 116 250 467 740 870 781 239 46 15 12 8 4 4 4 6 6 
0 0 0 0 0 0 0 0 0 0 0 1 0 0 0 0 0 2 0 0 0 0 1 0 1 1 0 0 1 1 1 2 3 1 4 1 2 2 7 5 10 20 21 41 54 100 206 433 618 874 876 265 67 25 16 12 7 5 5 5 4 
0 0 0 0 0 0 0 0 0 0 0 0 0 0 0 0 1 0 1 0 1 1 1 0 0 1 1 3 0 1 2 3 3 4 5 3 7 3 6 7 15 17 19 35 45 84 161 347 623 876 962 326 71 24 16 10 4 6 7 12 7 
0 0 0 0 0 0 0 0 0 0 0 0 0 0 0 0 0 0 0 0 0 0 0 0 1 0 0 2 4 5 2 2 2 2 4 2 4 11 10 6 8 12 23 29 46 69 125 271 567 867 1038 363 100 39 27 17 5 6 5 5 4 
0 0 0 0 0 0 0 0 0 0 0 0 0 0 0 0 0 0 0 0 0 2 1 0 0 1 0 1 1 0 2 0 3 5 3 0 5 4 7 9 11 17 14 23 38 59 101 237 539 785 1051 469 145 37 17 15 9 9 4 3 6 
0 0 0 0 0 0 0 0 0 0 0 0 0 0 0 0 0 0 1 0 0 0 0 1 0 1 2 1 1 0 1 0 1 1 2 4 3 3 3 7 12 12 12 19 27 40 73 173 416 731 1094 537 175 45 27 16 11 5 8 7 9 
0 0 0 0 0 0 0 0 0 0 0 0 0 0 0 0 0 0 0 0 0 0 0 1 0 0 1 2 3 0 1 0 3 2 3 5 5 2 4 6 7 9 12 23 21 36 66 137 358 682 1111 601 252 77 29 25 21 12 8 10 8 
0 0 0 0 0 0 0 0 0 0 0 0 0 0 0 0 0 0 0 0 1 0 1 1 1 0 0 1 0 1 0 1 2 5 4 3 7 10 5 7 5 12 16 9 19 26 46 108 323 602 1046 685 257 103 44 20 10 14 13 7 10 
0 0 0 0 0 0 0 0 0 0 0 0 0 0 0 0 0 0 0 0 0 1 0 1 1 0 0 2 0 1 0 4 1 5 2 3 4 3 5 8 10 5 9 14 23 30 53 99 225 546 1030 789 394 117 44 27 21 10 5 15 3 
0 0 0 0 0 0 0 0 0 0 0 0 0 0 0 0 0 0 0 0 0 0 1 0 1 0 0 1 0 4 1 1 5 0 3 3 1 5 3 4 6 4 9 9 21 20 36 69 199 489 1070 831 425 157 55 27 13 13 14 7 6 
0 0 0 0 0 0 0 0 0 0 0 0 0 0 0 0 0 0 0 0 1 0 0 1 0 1 0 0 1 2 0 0 1 3 3 4 4 4 6 7 4 10 9 9 14 20 35 64 185 446 963 823 455 201 76 40 29 18 14 13 8 
0 0 0 0 0 0 0 0 0 0 0 0 0 0 0 0 0 0 0 1 0 0 1 0 1 0 2 1 1 0 1 0 0 3 3 1 2 2 5 7 6 7 12 11 24 20 30 55 142 339 931 949 543 258 106 43 25 19 12 12 13 
0 0 0 0 0 0 0 0 0 0 0 0 0 0 0 0 0 0 0 1 0 1 0 0 0 0 0 1 1 0 1 1 3 4 2 2 1 2 2 5 11 13 13 20 14 16 34 38 80 288 835 942 639 321 117 58 27 19 16 8 6 
0 0 0 0 0 0 0 0 0 0 0 0 0 0 0 0 0 0 0 0 0 1 0 0 1 0 1 0 0 2 1 0 0 1 1 5 3 7 5 5 7 5 15 7 15 17 23 37 74 260 779 1039 642 384 167 65 37 31 13 13 10 
0 0 0 0 0 0 0 0 0 0 0 0 0 0 0 0 0 0 0 0 0 0 0 0 0 0 0 0 0 0 2 0 1 2 1 3 1 5 7 4 8 9 9 11 12 21 36 31 60 186 666 1033 706 443 201 103 42 20 25 11 11 
0 0 0 0 0 0 0 0 0 0 0 0 0 0 0 0 0 0 0 0 1 0 0 1 0 0 0 0 2 0 1 0 0 0 2 5 4 2 3 0 5 9 11 15 8 24 21 30 54 147 598 1016 723 463 263 114 46 37 23 22 8 
0 0 0 0 0 0 0 0 0 0 0 0 0 0 0 0 0 0 0 0 0 0 0 0 0 1 0 0 1 1 0 1 1 2 4 6 1 2 3 5 3 3 9 10 20 21 33 30 56 116 537 961 749 589 298 139 70 48 36 14 15 
0 0 0 0 0 0 0 0 0 0 0 0 0 0 0 0 0 0 0 0 0 0 0 0 0 2 0 0 0 1 1 0 0 1 4 3 7 4 2 6 2 7 8 10 9 10 23 26 41 95 445 885 778 647 368 178 114 37 30 17 29 
0 0 0 0 0 0 0 0 0 0 0 0 0 0 0 0 0 0 0 0 0 0 0 0 0 0 0 0 1 0 1 1 0 0 0 2 1 2 2 2 8 6 5 13 6 11 17 30 43 78 372 959 794 717 471 231 119 51 40 26 16 
0 0 0 0 0 0 0 0 0 0 0 0 0 0 0 0 0 0 0 0 0 0 0 1 1 0 1 0 0 0 2 1 0 1 2 1 3 4 5 2 4 7 9 7 12 16 26 34 37 75 296 823 815 738 532 279 130 77 42 32 28 
0 0 0 0 0 0 0 0 0 0 0 0 0 0 0 0 0 0 0 0 0 0 1 0 0 1 0 0 0 0 1 2 0 2 0 0 1 2 3 3 7 5 14 11 14 22 22 25 38 57 235 792 713 766 597 365 198 89 48 47 30 
0 0 0 0 0 0 0 0 0 0 0 0 0 0 0 0 0 0 0 0 0 0 1 1 0 0 1 0 0 0 0 2 1 0 0 1 3 5 1 5 4 9 16 8 16 19 21 31 39 60 197 708 727 769 753 460 215 153 81 57 31 
0 0 0 0 0 0 0 0 0 0 0 0 0 0 0 0 0 0 0 0 0 0 0 1 0 1 1 0 0 2 0 1 1 0 0 0 4 0 6 6 5 7 6 17 16 12 30 38 28 43 171 743 707 790 768 535 327 167 101 76 44 
0 0 0 0 0 0 0 0 0 0 0 0 0 0 0 0 0 0 0 0 0 0 0 0 0 0 2 1 0 1 1 2 3 2 1 0 2 2 2 5 9 7 5 14 17 17 21 34 26 63 133 689 636 774 784 635 387 219 138 84 51 
0 0 0 0 0 0 0 0 0 0 0 0 0 0 0 0 0 0 0 0 0 0 0 0 0 0 0 1 0 0 1 2 4 2 0 0 3 3 3 7 7 4 8 11 14 22 20 25 42 54 149 665 634 686 826 692 439 284 166 99 78 
0 0 0 0 0 0 0 0 0 0 0 0 0 0 0 0 0 0 0 0 0 0 0 0 1 0 0 1 0 0 0 1 1 1 3 3 1 4 4 4 5 7 6 9 14 9 20 24 46 49 123 582 659 594 922 915 633 365 215 131 101 
0 0 0 0 0 0 0 0 0 0 0 0 0 0 0 0 0 0 0 0 0 0 0 0 0 0 1 2 1 0 0 0 2 3 2 2 1 4 3 3 4 4 8 6 16 18 20 32 40 64 108 588 675 592 833 963 763 459 287 173 130 
0 0 0 0 0 0 0 0 0 0 0 0 0 0 0 0 0 0 0 0 0 0 0 0 0 0 0 0 1 0 1 2 0 1 3 2 3 1 6 5 10 10 12 11 15 16 16 24 35 63 107 571 798 548 792 1058 905 669 362 254 183 
0 0 0 0 0 0 0 0 0 0 0 0 0 0 0 0 0 0 0 0 0 0 0 0 0 1 1 0 3 1 2 0 2 2 2 2 1 2 3 5 6 9 10 9 19 32 33 27 48 63 113 515 890 528 684 1043 1082 901 578 363 225 
0 0 0 0 0 0 0 0 0 0 0 0 0 0 0 0 0 0 0 0 0 0 0 0 1 1 0 1 0 1 0 2 0 2 1 3 0 4 4 7 4 6 11 18 19 18 29 42 49 60 99 449 1040 514 606 961 1283 1143 832 585 342 
0 0 0 0 0 0 0 0 0 0 0 0 0 0 0 0 0 0 0 0 0 0 0 0 0 0 0 1 1 2 1 1 0 1 2 4 6 3 9 5 8 12 10 16 15 26 28 36 46 61 113 424 1290 707 487 859 1315 1465 1309 874 585 
0 0 0 0 0 0 0 0 0 0 0 0 0 0 0 0 0 0 0 0 0 0 0 0 0 0 0 0 0 1 2 1 3 1 4 0 5 4 3 4 8 10 18 21 23 34 45 73 61 91 132 391 1533 1197 524 637 1275 1717 1860 1569 1180 
0 0 0 0 0 0 0 0 0 0 0 0 0 0 0 0 0 0 0 0 0 0 0 0 0 0 1 1 1 1 2 1 3 2 1 4 8 5 6 5 4 13 14 32 36 40 72 72 105 130 166 353 1798 2439 1258 767 1032 1777 2372 2761 2564 
